0 1011111
1 1011111
2 1011110
3 1011110
4 1011111
5 1011111
6 1011110
7 1011110
8 1011111
9 1011111
10 1011110
11 1011110
12 1011111
13 1011111
14 1011110
15 1011110
16 1110111
17 1110111
18 1110011
19 1110011
20 1111111
21 1111111
22 1111111
23 1111111
24 1010110
25 1010110
26 1010010
27 1010010
28 1011110
29 1011110
30 1011110
31 1011110
32 1010110
33 1010110
34 1010110
35 1010110
36 1011110
37 1011110
38 1011110
39 1011110
40 1011110
41 1011110
42 1011110
43 1011110
44 1010110
45 1010110
46 1010110
47 1010110
48 1011110
49 1011110
50 1011110
51 1011110
52 1010110
53 1010110
54 1010010
55 1010010
56 1111111
57 1111111
58 1111111
59 1111111
60 1110111
61 1110111
62 1110011
63 1110011
64 1101111
65 1101011
66 1101111
67 1101011
68 1111111
69 1111111
70 1111111
71 1111111
72 0101101
73 0101001
74 0101101
75 0101001
76 0111101
77 0111101
78 0111101
79 0111101
80 0101101
81 0101101
82 0101101
83 0101101
84 0111101
85 0111101
86 0111101
87 0111101
88 0111101
89 0111101
90 0111101
91 0111101
92 0101101
93 0101101
94 0101101
95 0101101
96 0111101
97 0111101
98 0111101
99 0111101
100 0101101
101 0101001
102 0101101
103 0101001
104 1111111
105 1111111
106 1111111
107 1111111
108 1101111
109 1101011
110 1101111
111 1101011
112 0111111
113 0111101
114 0111111
115 0111101
116 0111111
117 0111101
118 0111111
119 0111101
120 0111111
121 0111101
122 0111111
123 0111101
124 0111111
125 0111101
126 0111111
127 0111101
