0 0111111111
1 0111111111
2 0111011111
3 0111011111
4 0111111111
5 0111111111
6 0111011111
7 0111011111
8 0111111111
9 0111111111
10 0111011111
11 0111011111
12 0111111111
13 0111111111
14 0111011111
15 0111011111
16 1111101111
17 1111101111
18 1111100111
19 1111100111
20 1111101111
21 1111101111
22 1111100111
23 1111100111
24 0111001111
25 0111001111
26 0111000111
27 0111000111
28 0111001111
29 0111001111
30 0111000111
31 0111000111
32 0111001111
33 0111001111
34 0111001111
35 0111001111
36 0111001111
37 0111001111
38 0111001111
39 0111001111
40 0110011111
41 0110011111
42 0110011111
43 0110011111
44 0110011111
45 0110011111
46 0110011111
47 0110011111
48 0110011111
49 0110011111
50 0100011111
51 0100011111
52 0110011111
53 0110011111
54 0100011111
55 0100011111
56 1110111111
57 1110111111
58 1100111111
59 1100111111
60 1110111111
61 1110111111
62 1100111111
63 1100111111
64 1111111011
65 1111110011
66 1111111011
67 1111110011
68 1111111011
69 1111110011
70 1111111011
71 1111110011
72 1011111001
73 1011110001
74 1011111001
75 1011110001
76 1011111001
77 1011110001
78 1011111001
79 1011110001
80 1011111001
81 1011111001
82 1011111001
83 1011111001
84 1011111001
85 1011111001
86 1011111001
87 1011111001
88 1011111100
89 1011111100
90 1011111100
91 1011111100
92 1011111100
93 1011111100
94 1011111100
95 1011111100
96 1011111100
97 1001111100
98 1011111100
99 1001111100
100 1011111100
101 1001111100
102 1011111100
103 1001111100
104 1111111110
105 1101111110
106 1111111110
107 1101111110
108 1111111110
109 1101111110
110 1111111110
111 1101111110
112 1011111111
113 1011111101
114 1011111111
115 1011111101
116 1011111111
117 1011111101
118 1011111111
119 1011111101
120 1011111111
121 1011111101
122 1011111111
123 1011111101
124 1011111111
125 1011111101
126 1011111111
127 1011111101
