0 511
1 511
2 479
3 479
4 511
5 511
6 479
7 479
8 511
9 511
10 479
11 479
12 511
13 511
14 479
15 479
16 1007
17 1007
18 999
19 999
20 1007
21 1007
22 999
23 999
24 463
25 463
26 455
27 455
28 463
29 463
30 455
31 455
32 463
33 463
34 463
35 463
36 463
37 463
38 463
39 463
40 415
41 415
42 415
43 415
44 415
45 415
46 415
47 415
48 415
49 415
50 287
51 287
52 415
53 415
54 287
55 287
56 959
57 959
58 831
59 831
60 959
61 959
62 831
63 831
64 1019
65 1011
66 1019
67 1011
68 1019
69 1011
70 1019
71 1011
72 761
73 753
74 761
75 753
76 761
77 753
78 761
79 753
80 761
81 761
82 761
83 761
84 761
85 761
86 761
87 761
88 764
89 764
90 764
91 764
92 764
93 764
94 764
95 764
96 764
97 636
98 764
99 636
100 764
101 636
102 764
103 636
104 1022
105 894
106 1022
107 894
108 1022
109 894
110 1022
111 894
112 767
113 765
114 767
115 765
116 767
117 765
118 767
119 765
120 767
121 765
122 767
123 765
124 767
125 765
126 767
127 765
